name: Webscrape
channels:
  - conda-forge
  - defaults
dependencies:
  - asttokens=2.4.1=pyhd8ed1ab_0
  - bzip2=1.0.8=h2bbff1b_6
  - ca-certificates=2024.9.24=haa95532_0
  - colorama=0.4.6=pyhd8ed1ab_0
  - comm=0.2.2=pyhd8ed1ab_0
  - cpython=3.13.0=py313hd8ed1ab_100
  - debugpy=1.8.7=py313h5813708_0
  - decorator=5.1.1=pyhd8ed1ab_0
  - exceptiongroup=1.2.2=pyhd8ed1ab_0
  - executing=2.1.0=pyhd8ed1ab_0
  - expat=2.6.3=h5da7b33_0
  - importlib-metadata=8.5.0=pyha770c72_0
  - ipykernel=6.29.5=pyh4bbf305_0
  - ipython=8.28.0=pyh7428d3b_0
  - jedi=0.19.1=pyhd8ed1ab_0
  - jupyter_client=8.6.3=pyhd8ed1ab_0
  - jupyter_core=5.7.2=pyh5737063_1
  - krb5=1.21.3=hdf4eb48_0
  - libffi=3.4.4=hd77b12b_1
  - libmpdec=4.0.0=h827c3e9_0
  - libsodium=1.0.20=hc70643c_0
  - matplotlib-inline=0.1.7=pyhd8ed1ab_0
  - nest-asyncio=1.6.0=pyhd8ed1ab_0
  - openssl=3.3.2=h2466b09_0
  - packaging=24.1=pyhd8ed1ab_0
  - parso=0.8.4=pyhd8ed1ab_0
  - pickleshare=0.7.5=py_1003
  - pip=24.2=py313haa95532_0
  - platformdirs=4.3.6=pyhd8ed1ab_0
  - prompt-toolkit=3.0.48=pyha770c72_0
  - psutil=6.0.0=py313ha7868ed_2
  - pure_eval=0.2.3=pyhd8ed1ab_0
  - pygments=2.18.0=pyhd8ed1ab_0
  - python=3.13.0=hadb2040_100_cp313
  - python_abi=3.13=0_cp313
  - pywin32=307=py313h5813708_3
  - pyzmq=26.2.0=py313h2100fd5_3
  - setuptools=75.1.0=py313haa95532_0
  - six=1.16.0=pyh6c4a22f_0
  - sqlite=3.45.3=h2bbff1b_0
  - stack_data=0.6.2=pyhd8ed1ab_0
  - tk=8.6.14=h0416ee5_0
  - tornado=6.4.1=py313ha7868ed_1
  - traitlets=5.14.3=pyhd8ed1ab_0
  - typing_extensions=4.12.2=pyha770c72_0
  - ucrt=10.0.22621.0=h57928b3_1
  - vc=14.40=h2eaa2aa_1
  - vc14_runtime=14.40.33810=hcc2c482_22
  - vs2015_runtime=14.40.33810=h3bf8584_22
  - wcwidth=0.2.13=pyhd8ed1ab_0
  - wheel=0.44.0=py313haa95532_0
  - xz=5.4.6=h8cc25b3_1
  - zeromq=4.3.5=ha9f60a1_6
  - zipp=3.20.2=pyhd8ed1ab_0
  - zlib=1.2.13=h8cc25b3_1
  - pip:
      - attrs==24.2.0
      - beautifulsoup4==4.12.3
      - certifi==2024.8.30
      - cffi==1.17.1
      - charset-normalizer==3.4.0
      - h11==0.14.0
      - idna==3.10
      - jinja2==3.1.4
      - lxml==5.3.0
      - markupsafe==3.0.2
      - numpy==2.1.2
      - outcome==1.3.0.post0
      - pandas==2.2.3
      - pycparser==2.22
      - pysocks==1.7.1
      - python-dateutil==2.9.0.post0
      - python-dotenv==1.0.1
      - pytz==2024.2
      - requests==2.32.3
      - rpy2==3.5.16
      - selenium==4.25.0
      - sniffio==1.3.1
      - sortedcontainers==2.4.0
      - soupsieve==2.6
      - trio==0.27.0
      - trio-websocket==0.11.1
      - tzdata==2024.2
      - tzlocal==5.2
      - urllib3==2.2.3
      - webdriver-manager==4.0.2
      - websocket-client==1.8.0
      - wsproto==1.2.0
prefix: C:\Users\samar\miniconda3\envs\Webscrape
